632, 18.96, 301, 1, 807, 5190
637, 18.96, 301, 1, 808, 5200
639, 18.96, 301, 1, 807, 5210
638, 18.96, 301, 1, 808, 5220
642, 18.96, 301, 1, 807, 5230
638, 18.96, 301, 1, 806, 5240
634, 18.96, 301, 1, 807, 5250
640, 18.96, 301, 1, 807, 5260
640, 18.64, 301, 1, 807, 5270
638, 18.96, 301, 1, 807, 5280
637, 18.64, 301, 1, 807, 5290
635, 18.96, 301, 1, 807, 5300
638, 18.96, 301, 1, 807, 5310
636, 18.96, 301, 1, 807, 5320
641, 18.64, 301, 1, 807, 5330
643, 18.64, 301, 1, 807, 5340
638, 18.64, 301, 1, 807, 5350
642, 18.96, 301, 1, 807, 5360
643, 18.64, 301, 1, 807, 5370
637, 18.96, 301, 1, 807, 5380
640, 18.64, 301, 1, 806, 5390
644, 18.96, 301, 1, 807, 5400
641, 18.96, 301, 1, 807, 5410
644, 18.96, 301, 1, 806, 5420
642, 18.64, 301, 1, 807, 5430
638, 18.96, 301, 1, 807, 5440
638, 18.96, 301, 1, 807, 5450
640, 18.96, 301, 1, 806, 5460
640, 18.64, 301, 1, 807, 5470
642, 18.64, 301, 1, 807, 5480
642, 18.96, 301, 1, 806, 5490
636, 18.96, 301, 1, 807, 5500
641, 18.96, 301, 1, 807, 5510
642, 18.64, 301, 1, 807, 5520
639, 18.64, 301, 1, 807, 5530
639, 18.64, 301, 1, 808, 5540
642, 18.96, 301, 1, 807, 5550
642, 18.96, 301, 1, 808, 5560
642, 18.96, 301, 1, 808, 5570
641, 18.64, 301, 1, 805, 5580
638, 18.96, 301, 1, 807, 5590
642, 18.96, 301, 1, 808, 5600
645, 18.96, 301, 1, 807, 5610
643, 18.96, 301, 1, 807, 5620
640, 18.64, 301, 1, 807, 5630
642, 18.64, 301, 1, 807, 5640
645, 18.96, 301, 1, 807, 5650
646, 18.96, 301, 1, 807, 5660
644, 18.96, 301, 1, 807, 5670
643, 18.96, 301, 1, 807, 5680
641, 18.64, 301, 1, 807, 5690
641, 18.96, 301, 1, 808, 5700
643, 18.96, 301, 1, 807, 5710
642, 18.96, 301, 1, 807, 5720
642, 18.64, 301, 1, 807, 5730
640, 18.64, 301, 1, 807, 5740
639, 18.96, 301, 1, 807, 5750
639, 18.96, 301, 1, 806, 5760
642, 18.64, 301, 1, 807, 5770
641, 18.64, 301, 1, 807, 5780
640, 18.64, 301, 1, 807, 5790
642, 18.96, 301, 1, 807, 5800
643, 18.96, 301, 1, 807, 5810
640, 18.96, 301, 1, 808, 5820
642, 18.96, 301, 1, 807, 5830
644, 18.64, 301, 1, 807, 5840
645, 18.96, 301, 1, 807, 5850
646, 18.96, 301, 1, 807, 5860
642, 18.96, 301, 1, 807, 5870
644, 18.96, 301, 1, 808, 5880
643, 18.64, 301, 1, 807, 5890
637, 18.96, 301, 0, 806, 5900
643, 18.96, 301, 0, 807, 5910
643, 18.64, 301, 0, 807, 5920
643, 18.96, 301, 0, 807, 5930
619, 18.96, 301, 0, 823, 5940
643, 18.96, 186, 0, 929, 5950
643, 18.64, 185, 0, 928, 5960
642, 18.96, 186, 0, 928, 5970
639, 18.64, 186, 0, 929, 5980
638, 18.64, 186, 0, 929, 5990
642, 18.64, 186, 0, 929, 6000
641, 18.64, 186, 0, 929, 6010
643, 18.64, 186, 0, 929, 6020
643, 18.96, 186, 0, 929, 6030
641, 18.64, 186, 0, 928, 6040
644, 18.64, 186, 0, 929, 6050
642, 18.64, 186, 0, 929, 6060
640, 18.64, 186, 0, 929, 6070
637, 18.64, 186, 0, 929, 6080
638, 18.64, 186, 0, 929, 6090
640, 18.64, 186, 0, 927, 6100
637, 18.64, 186, 0, 928, 6110
633, 18.64, 186, 0, 928, 6120
634, 18.64, 186, 0, 929, 6130
627, 18.64, 186, 0, 929, 6140
633, 18.64, 186, 0, 929, 6150
634, 18.64, 186, 0, 929, 6160
635, 18.64, 186, 0, 928, 6170
639, 18.64, 186, 0, 929, 6180
636, 18.96, 186, 0, 929, 6190
642, 18.64, 186, 0, 929, 6200
636, 18.96, 186, 0, 929, 6210
637, 18.64, 186, 0, 929, 6220
638, 18.64, 186, 0, 929, 6230
633, 18.64, 186, 0, 928, 6240
640, 18.64, 186, 0, 929, 6250
643, 18.64, 186, 0, 929, 6260
637, 18.64, 186, 0, 929, 6270
645, 18.64, 186, 0, 929, 6280
643, 18.96, 186, 0, 929, 6290
640, 18.64, 186, 0, 929, 6300
643, 18.96, 186, 0, 929, 6310
649, 18.64, 186, 0, 927, 6320
644, 18.64, 186, 0, 928, 6330
646, 18.64, 186, 0, 929, 6340
641, 18.64, 186, 0, 929, 6350
647, 18.64, 186, 0, 928, 6360
642, 18.96, 186, 0, 929, 6370
646, 18.64, 186, 0, 929, 6380
642, 18.64, 186, 0, 929, 6390
638, 18.64, 186, 0, 928, 6400
645, 18.64, 186, 0, 929, 6410
640, 18.64, 186, 0, 928, 6420
640, 18.64, 186, 0, 929, 6430
643, 18.96, 186, 0, 929, 6440
640, 18.64, 186, 0, 927, 6450
645, 18.96, 186, 0, 927, 6460
645, 18.64, 185, 0, 922, 6470
643, 18.64, 186, 0, 928, 6480
642, 18.64, 186, 0, 928, 6490
644, 18.64, 186, 0, 929, 6500
648, 18.96, 186, 0, 929, 6510
643, 18.96, 186, 0, 929, 6520
644, 18.96, 186, 0, 929, 6530
643, 18.64, 186, 0, 929, 6540
648, 18.64, 186, 0, 928, 6550
641, 18.64, 186, 0, 929, 6560
649, 18.64, 186, 0, 929, 6570
643, 18.96, 186, 0, 929, 6580
642, 18.64, 186, 0, 929, 6590
644, 18.64, 186, 0, 928, 6600
644, 18.64, 186, 0, 929, 6610
642, 18.64, 186, 0, 928, 6620
644, 18.64, 186, 0, 929, 6630
642, 18.64, 186, 0, 929, 6640
643, 18.64, 186, 0, 929, 6650
639, 18.64, 186, 0, 929, 6660
639, 18.64, 186, 0, 929, 6670
637, 18.96, 186, 0, 928, 6680
643, 18.64, 186, 0, 929, 6690
643, 18.64, 186, 0, 928, 6700
647, 18.64, 186, 0, 928, 6710
640, 18.64, 186, 0, 929, 6720
644, 18.64, 186, 0, 928, 6730
645, 18.64, 186, 0, 928, 6740
639, 18.64, 186, 0, 929, 6750
642, 18.96, 186, 0, 928, 6760
643, 18.64, 186, 0, 929, 6770
641, 18.64, 186, 0, 929, 6780
646, 18.64, 186, 0, 929, 6790
644, 18.96, 186, 0, 927, 6800
646, 18.64, 186, 0, 929, 6810
646, 18.64, 186, 0, 928, 6820
645, 18.64, 187, 0, 928, 6830
646, 18.96, 187, 0, 929, 6840
647, 18.64, 186, 0, 929, 6850
646, 18.64, 186, 0, 928, 6860
646, 18.96, 186, 0, 928, 6870
646, 18.64, 187, 0, 929, 6880
646, 18.64, 186, 0, 928, 6890
646, 18.64, 187, 0, 929, 6900
642, 18.96, 187, 0, 929, 6910
642, 18.64, 187, 0, 929, 6920
642, 18.64, 187, 0, 928, 6930
642, 18.64, 186, 0, 929, 6940
643, 18.64, 187, 0, 929, 6950
645, 18.96, 187, 0, 928, 6960
642, 18.64, 187, 0, 928, 6970
640, 18.96, 187, 0, 929, 6980
646, 18.64, 187, 0, 929, 6990
639, 18.96, 187, 0, 929, 7000
638, 18.64, 186, 0, 929, 7010
642, 18.64, 187, 0, 929, 7020
640, 18.64, 187, 0, 927, 7030
638, 18.64, 187, 0, 929, 7040
642, 18.64, 186, 0, 928, 7050
643, 18.64, 187, 0, 929, 7060
636, 18.64, 187, 0, 929, 7070
641, 18.96, 187, 0, 928, 7080
644, 18.64, 187, 0, 928, 7090
643, 18.64, 187, 0, 928, 7100
637, 18.64, 186, 0, 929, 7110
643, 18.64, 187, 1, 928, 7120
642, 18.64, 187, 1, 929, 7130
638, 18.64, 187, 1, 928, 7140
643, 18.64, 187, 1, 929, 7150
641, 18.64, 187, 1, 928, 7160
636, 18.96, 186, 1, 924, 7170
643, 18.96, 187, 1, 929, 7180
641, 18.96, 187, 1, 928, 7190
642, 18.64, 187, 1, 929, 7200
639, 18.96, 186, 1, 928, 7210
636, 18.96, 187, 1, 927, 7220
636, 18.96, 187, 1, 929, 7230
639, 18.64, 187, 1, 929, 7240
637, 18.96, 187, 1, 929, 7250
635, 18.96, 187, 1, 929, 7260
634, 18.96, 187, 1, 929, 7270
635, 18.64, 187, 1, 930, 7280
638, 18.96, 187, 1, 929, 7290
641, 18.96, 187, 1, 929, 7300
641, 18.96, 187, 1, 928, 7310
640, 18.64, 187, 1, 929, 7320
640, 18.64, 187, 1, 929, 7330
638, 18.64, 187, 1, 929, 7340
637, 18.96, 187, 1, 929, 7350
641, 18.64, 187, 1, 928, 7360
641, 18.64, 187, 1, 929, 7370
638, 18.96, 187, 1, 929, 7380
640, 18.96, 187, 1, 929, 7390
639, 18.64, 187, 1, 929, 7400
639, 18.64, 187, 1, 929, 7410
637, 18.96, 187, 1, 928, 7420
638, 18.96, 187, 1, 929, 7430
640, 18.64, 187, 1, 929, 7440
643, 18.64, 187, 1, 929, 7450
643, 18.64, 187, 1, 929, 7460
645, 18.64, 187, 1, 929, 7470
637, 18.64, 187, 1, 929, 7480
647, 18.64, 187, 1, 929, 7490
641, 18.96, 187, 0, 929, 7500
644, 18.96, 188, 0, 929, 7510
649, 18.96, 187, 0, 929, 7520
645, 18.96, 187, 0, 929, 7530
647, 18.64, 187, 0, 928, 7540
647, 18.96, 187, 0, 929, 7550
648, 18.64, 187, 0, 929, 7560
651, 18.64, 187, 0, 929, 7570
651, 18.96, 187, 0, 928, 7580
651, 18.96, 187, 0, 929, 7590
651, 18.96, 187, 0, 928, 7600
649, 18.96, 187, 0, 929, 7610
650, 18.96, 187, 0, 929, 7620
651, 18.96, 187, 0, 929, 7630
648, 18.96, 187, 0, 928, 7640
648, 18.64, 187, 0, 929, 7650
650, 18.64, 187, 0, 930, 7660
652, 18.64, 187, 0, 928, 7670
651, 18.96, 187, 0, 929, 7680
649, 18.64, 187, 0, 929, 7690
650, 18.96, 187, 0, 929, 7700
652, 18.96, 187, 0, 928, 7710
647, 18.64, 187, 0, 929, 7720
646, 18.64, 187, 0, 929, 7730
642, 18.96, 187, 0, 928, 7740
646, 18.96, 187, 0, 929, 7750
650, 18.64, 187, 0, 929, 7760
649, 18.64, 187, 0, 929, 7770
649, 18.64, 187, 0, 929, 7780
652, 18.96, 187, 0, 929, 7790
650, 18.64, 187, 0, 929, 7800
651, 18.96, 187, 0, 929, 7810
650, 18.64, 187, 0, 929, 7820
653, 18.64, 187, 0, 929, 7830
652, 18.64, 187, 0, 929, 7840
651, 18.64, 187, 0, 927, 7850
650, 18.96, 187, 0, 927, 7860
646, 18.64, 187, 0, 929, 7870
644, 18.96, 187, 0, 928, 7880
650, 18.96, 187, 0, 928, 7890
644, 18.96, 187, 0, 929, 7900
643, 18.96, 187, 0, 929, 7910
648, 18.96, 187, 0, 929, 7920
648, 18.96, 187, 0, 926, 7930
645, 18.96, 187, 0, 929, 7940
644, 18.64, 187, 0, 928, 7950
644, 18.96, 187, 0, 927, 7960
648, 18.96, 187, 0, 929, 7970
646, 18.64, 187, 0, 929, 7980
643, 18.96, 187, 0, 929, 7990
640, 18.64, 187, 0, 929, 8000
643, 18.64, 187, 0, 929, 8010
648, 18.96, 187, 0, 929, 8020
646, 18.64, 187, 0, 929, 8030
648, 18.96, 187, 0, 929, 8040
645, 18.96, 187, 0, 929, 8050
643, 18.96, 187, 0, 929, 8060
637, 18.64, 187, 0, 929, 8070
638, 18.96, 187, 0, 929, 8080
644, 18.96, 187, 0, 929, 8090
641, 18.96, 187, 0, 929, 8100
639, 18.96, 187, 0, 928, 8110
641, 18.64, 187, 0, 929, 8120
645, 18.96, 187, 0, 929, 8130
641, 18.96, 187, 0, 929, 8140
639, 18.96, 187, 0, 929, 8150
645, 18.96, 187, 0, 928, 8160
640, 18.96, 187, 0, 929, 8170
645, 18.96, 187, 0, 929, 8180
642, 18.96, 187, 0, 929, 8190
647, 18.64, 187, 0, 929, 8200
646, 18.96, 187, 0, 929, 8210
642, 18.64, 187, 0, 929, 8220
643, 18.96, 187, 0, 929, 8230
638, 18.64, 187, 0, 929, 8240
649, 18.64, 187, 0, 928, 8250
644, 18.96, 187, 0, 929, 8260
648, 18.64, 187, 0, 927, 8270
645, 18.96, 187, 0, 928, 8280
644, 18.64, 187, 0, 928, 8290
647, 18.64, 187, 0, 928, 8300
648, 18.64, 187, 0, 929, 8310
643, 18.64, 188, 0, 929, 8320
648, 18.96, 187, 0, 928, 8330
647, 18.64, 187, 0, 929, 8340
644, 18.64, 187, 0, 929, 8350
642, 18.64, 187, 0, 929, 8360
645, 18.96, 187, 0, 929, 8370
648, 18.64, 187, 0, 928, 8380
645, 18.96, 187, 0, 929, 8390
640, 18.64, 187, 0, 928, 8400
